(
NC_000012.12_human_genome:0.46401,
NC_007136.7_fish_genome:0.48963,
NW_010224851.1_bird_genome:0.47063);
